13.444 9.037
59
0 4.514 0 0
0 13.063 0 0
0 7 0 0
1 6.322 0 0
0 8.667 0 0
0 12.631 0 0
0 11.614 0 0
0 3.673 0 0
0 0.887 0 0
0 10 0 0
1 3.444 0 0
1 1.474 1 0
1 7.56 1 0
1 4.526 1 0
0 13.021 1 0
1 4.198 1 0
0 0.604 1 0
0 1.491 1 0
1 0.678 1 0
0 7.395 1 0
1 2.139 1 0
0 11.881 1 0
1 5.38 1 0
1 0.02 1 0
0 12.036 2 0
0 11.506 2 0
0 12.325 2 0
0 10.047 2 0
1 8.114 2 0
0 11.823 2 0
1 9.035 2 0
1 3.743 2 0
0 6.844 2 0
1 8.891 2 0
0 7.372 2 0
1 7.526 2 0
1 7.083 2 0
1 8.219 2 0
0 10.276 2 0
1 1.101 2 0
1 1.58 2 0
1 5.21 2 0
1 5.705 2 0
1 2.688 2 0
1 4.639 2 0
0 7.883 2 -1
0 4.864 2 0
0 5.511 2 0
1 4.822 2 0
0 6.664 2 0
0 10.861 2 0
1 4.529 2 0
0 11.196 2 0
0 4.092 2 0
0 11.349 2 0
1 5.945 2 0
1 3.383 2 0
0 3.95 2 0
0 10.661 2 0
437
1.491 1.58 0.785
12.325 5.705 0.846
6.664 5.945 0.806
10.047 3.444 0.87
10.276 4.526 0.779
5.511 1.474 0.684
0.604 7.083 0.696
7.883 4.526 0.795
12.036 1.58 0.927
10.047 1.474 0.673
10.861 4.526 0.756
12.631 1.474 0.684
10.661 8.219 0.876
10.047 4.198 0.698
10 3.444 0.706
10.661 4.198 0.872
11.614 1.474 0.966
5.511 7.526 0.889
7 4.822 0.93
3.673 4.526 0.712
12.325 8.219 0.881
6.664 6.322 0.679
7.395 5.21 0.821
0.887 5.21 0.629
3.673 0.02 0.728
7.395 1.58 0.642
13.021 1.101 0.781
7.372 7.56 0.727
12.631 3.444 0.827
4.864 5.945 0.721
11.506 2.688 0.763
10.047 1.58 0.643
10 5.945 0.606
12.631 4.529 0.81
7 7.56 0.727
7 3.743 0.935
4.092 5.38 0.623
12.036 8.891 0.687
11.881 7.083 0.619
12.631 9.035 0.602
11.506 5.21 0.806
11.881 1.101 0.938
4.092 5.945 0.988
7 4.526 0.878
13.021 1.474 0.612
7.395 5.945 0.696
7.372 5.945 0.953
10.661 0.02 0.903
6.844 3.383 0.785
13.021 7.526 0.931
10 5.38 0.652
13.021 5.38 0.934
10.047 5.705 0.752
11.196 7.083 0.631
7 5.705 0.954
11.614 7.083 0.743
5.511 4.526 0.746
11.823 3.444 0.744
11.614 0.678 0.864
1.491 7.083 0.838
12.631 8.219 0.882
0.887 8.114 0.665
13.063 8.114 0.63
4.864 5.21 0.686
11.349 4.529 0.692
11.614 8.219 0.775
11.614 8.114 0.774
11.881 3.743 0.664
12.325 4.529 0.663
4.864 8.219 0.964
1.491 5.21 0.869
12.036 7.526 0.66
4.514 3.383 0.603
4.092 4.639 0.881
10 3.743 0.762
10.661 4.822 0.738
13.021 6.322 0.812
3.673 7.526 0.983
0.604 8.891 0.619
13.063 7.56 0.844
12.036 2.139 0.952
11.614 4.526 0.726
10.861 1.474 0.881
11.506 4.526 0.675
10 1.474 0.96
1.491 3.743 0.973
7.372 4.198 0.711
6.844 5.21 0.948
10.047 3.383 0.643
13.063 8.219 0.654
8.667 0.678 0.934
11.881 5.38 0.778
7.372 4.529 0.625
3.673 4.198 0.754
6.844 5.705 0.644
4.092 0.678 0.977
13.063 4.198 0.77
12.036 8.219 0.946
11.614 3.743 0.694
10.661 2.139 0.638
6.844 2.688 0.934
11.614 3.383 0.909
12.036 0.678 0.765
10.861 7.56 0.648
13.021 7.083 0.843
7 5.21 0.612
3.95 7.526 0.892
7.883 0.02 0.686
5.511 4.822 0.929
4.514 5.38 0.947
12.325 5.945 0.884
12.036 4.639 0.815
8.667 4.198 0.762
11.823 8.219 0.841
7.883 0.678 0.916
6.664 8.114 0.968
1.491 5.705 0.79
11.506 6.322 0.91
3.95 3.444 0.677
11.823 4.529 0.614
10.861 4.822 0.83
3.95 7.56 0.861
11.823 4.822 0.79
7.883 4.529 0.661
11.506 3.743 0.91
7 7.526 0.656
3.95 6.322 0.984
1.491 7.526 0.876
11.881 2.688 0.961
12.325 4.639 0.673
12.036 5.21 0.844
7.372 5.705 0.933
8.667 5.705 0.788
3.673 7.083 0.603
10.661 6.322 0.838
3.673 3.743 0.89
0.887 0.02 0.845
11.196 7.56 0.679
4.864 0.678 0.995
10.276 6.322 0.926
10.047 8.219 0.639
11.196 4.822 0.613
10.661 3.383 0.778
13.063 0.678 0.955
11.349 1.58 0.603
11.506 1.58 0.848
4.864 2.688 0.949
10.276 1.474 0.892
6.664 7.56 0.815
0.604 1.58 0.861
13.021 2.139 0.843
0.604 9.035 0.811
10.661 9.035 0.639
7.883 8.219 0.757
6.664 5.21 0.701
10.861 4.529 0.954
3.95 4.198 0.734
10.047 0.678 0.692
4.514 2.688 0.651
12.631 3.383 0.904
1.491 4.526 0.84
4.092 6.322 0.695
6.664 1.474 0.824
0.604 3.444 0.714
7.395 3.383 0.91
10.276 3.743 0.955
3.95 0.02 0.83
6.844 8.219 0.932
11.349 5.945 0.739
11.881 8.114 0.691
5.511 2.688 0.934
11.349 9.035 0.751
11.506 1.474 0.885
10.661 8.114 0.917
11.349 4.198 0.774
0.887 5.945 0.916
6.844 7.526 0.718
0.887 6.322 0.8
12.325 4.526 0.95
4.514 1.474 0.893
0.887 0.678 0.772
13.021 8.114 0.867
11.614 5.945 0.612
11.506 1.101 0.73
11.614 4.198 0.998
4.092 4.529 0.892
4.514 1.58 0.644
7 8.114 0.617
10 1.58 0.75
12.325 8.891 0.76
5.511 5.705 0.808
0.604 3.743 0.82
11.506 0.02 0.902
10 9.035 0.901
1.491 8.114 0.855
4.514 2.139 0.682
11.614 7.56 0.916
13.021 0.678 0.781
13.063 2.688 0.804
1.491 0.02 0.684
12.036 9.035 0.94
10.276 4.529 0.815
7.395 9.035 0.969
10 8.219 0.983
11.614 4.639 0.965
12.325 5.38 0.66
5.511 3.743 0.963
10.861 0.678 0.638
7.883 5.38 0.891
7.372 2.688 0.809
11.881 8.891 0.649
10.661 5.38 0.704
3.95 4.822 0.687
4.092 8.114 0.731
0.887 5.705 0.697
7.372 2.139 0.858
13.021 3.383 0.737
7.395 4.529 0.629
7.883 1.101 0.708
6.664 5.38 0.691
10.661 5.945 0.863
13.063 8.891 0.957
13.063 5.705 0.937
10.661 4.526 0.956
0.604 4.639 0.943
11.881 2.139 0.777
4.864 1.474 0.916
11.196 2.139 0.977
3.95 4.526 0.97
12.325 1.474 0.989
12.325 8.114 0.644
0.604 0.678 0.782
4.514 8.114 0.617
10.276 2.139 0.605
5.511 4.639 0.607
12.325 1.101 0.883
0.604 4.198 0.972
13.021 5.21 0.999
10 7.083 0.605
12.631 5.945 0.816
3.95 2.688 0.93
12.631 0.678 0.754
11.506 7.56 0.829
4.514 6.322 0.7
10.276 8.114 0.984
1.491 2.688 0.941
10.661 7.083 0.746
8.667 7.56 0.943
10.861 8.891 0.663
4.092 3.383 0.638
7.372 4.639 0.967
7.395 8.891 0.917
0.887 3.383 0.902
12.631 5.21 0.879
11.823 5.945 0.766
10.661 7.56 0.663
11.614 2.139 0.989
4.864 7.083 0.87
7.395 7.083 0.981
12.325 9.035 0.777
6.664 3.444 0.741
4.864 5.38 0.7
4.514 4.198 0.779
11.881 7.56 0.789
11.823 8.891 0.866
1.491 6.322 0.772
6.664 0.678 0.994
11.349 7.56 0.927
10.661 7.526 0.705
11.349 3.444 0.92
11.881 1.58 0.953
7.883 9.035 0.887
12.036 6.322 0.798
10.861 5.705 0.617
8.667 5.945 0.746
6.844 1.58 0.814
11.614 9.035 0.715
4.864 7.526 0.707
11.823 6.322 0.855
11.349 8.114 0.654
4.864 1.58 0.865
7 3.383 0.635
10.047 1.101 0.997
10.861 5.38 0.757
12.036 0.02 0.864
0.887 9.035 0.82
11.196 9.035 0.778
12.631 2.688 0.753
11.196 5.21 0.924
10 5.21 0.643
13.021 7.56 0.83
11.349 2.688 0.832
7.372 0.678 0.779
5.511 0.678 0.996
10.861 3.383 0.949
11.349 3.743 0.811
10.047 9.035 0.648
3.673 1.474 0.782
11.349 6.322 0.975
7.395 1.474 0.794
4.092 5.21 0.816
10.276 5.38 0.947
4.864 4.529 0.636
11.614 8.891 0.88
10.661 5.21 0.627
10.861 2.688 0.933
4.092 3.743 0.823
7 0.02 0.801
3.673 4.639 0.704
6.844 4.822 0.692
1.491 3.444 0.671
12.325 0.02 0.813
10.861 1.58 0.722
0.604 5.21 0.828
11.614 3.444 0.705
12.036 8.114 0.641
4.092 4.198 0.734
10.047 8.114 0.784
13.021 8.891 0.812
10.661 2.688 0.785
12.325 6.322 0.785
13.063 1.474 0.885
6.844 2.139 0.88
1.491 4.639 0.938
4.092 5.705 0.869
11.881 4.639 0.826
4.514 5.705 0.811
10 0.678 0.746
10.047 5.38 0.765
0.887 3.743 0.946
0.604 4.529 0.784
0.604 7.56 0.812
10.276 2.688 0.878
3.673 5.945 0.673
3.95 4.639 0.8
11.823 0.678 0.6
0.887 1.101 0.778
10.276 1.101 0.637
4.092 7.526 0.654
11.614 0.02 0.884
10 4.639 0.632
1.491 0.678 0.957
12.036 2.688 0.646
11.823 9.035 0.644
7.883 3.743 0.863
7.883 4.198 0.643
11.196 8.114 0.806
4.864 4.198 0.934
7.372 8.891 0.808
6.844 1.101 0.835
8.667 4.822 0.968
11.881 3.383 0.858
11.349 1.101 0.757
3.95 5.38 0.646
10 4.526 0.94
1.491 7.56 0.768
10 7.56 0.995
8.667 6.322 0.691
4.864 6.322 0.987
10.047 8.891 0.753
13.021 5.705 0.799
7.883 5.705 0.739
10.661 1.101 0.885
12.631 0.02 0.996
13.021 4.639 0.679
6.844 7.56 0.896
6.844 8.891 0.805
13.021 8.219 0.936
13.021 9.035 0.706
12.325 0.678 0.785
4.514 4.529 0.681
7 6.322 0.763
11.506 3.444 0.785
10.861 4.198 0.912
4.092 2.139 0.754
11.614 4.822 0.767
11.614 6.322 0.618
7.883 8.114 0.77
11.196 0.02 0.886
1.491 4.198 0.939
11.506 7.526 0.875
10.047 2.139 0.654
12.325 3.383 0.948
8.667 8.891 0.62
11.823 3.383 0.989
7.883 3.383 0.828
11.349 4.822 0.714
7.395 3.444 0.989
11.506 8.114 0.654
10 4.529 0.71
8.667 7.526 0.634
5.511 4.198 0.985
10.276 5.945 0.676
7.395 7.56 0.873
3.95 3.383 0.971
7 2.688 0.641
11.823 5.705 0.837
10.276 9.035 0.98
7.372 5.38 0.996
7 4.198 0.89
13.063 5.21 0.814
10.047 7.56 0.891
13.021 5.945 0.716
1.491 4.822 0.687
11.196 4.526 0.64
11.506 7.083 0.964
11.823 7.526 0.726
13.063 1.58 0.949
10.276 5.21 0.725
11.349 5.705 0.73
11.614 2.688 0.88
7.395 2.688 0.921
11.881 3.444 0.947
4.514 8.219 0.724
11.349 7.083 0.668
5.511 3.444 0.745
13.063 7.526 0.911
13.063 4.822 0.821
7.372 3.743 0.694
7 5.38 0.927
12.631 3.743 0.762
0.604 1.474 0.712
11.349 3.383 0.909
6.844 0.678 0.995
4.864 4.639 0.638
3.673 5.38 0.922
3.95 4.529 0.765
6.664 7.526 0.635
7.395 4.526 0.783
11.506 5.38 0.909
3.95 0.678 0.895
11.823 5.38 0.658
13.063 9.035 0.821
4.514 0.678 0.649
0.887 5.38 0.78
12.036 4.198 0.793
3.95 1.474 0.897
23
1.934 4.974 2.278 2.229 60.255
3.82 1.602 0.785 0.773 55.115
2.004 2.29 2.451 2.466 58.953
2.115 7.485 2.226 2.478 64.168
3.896 6.608 0.867 0.945 60.846
12.932 1.801 0.864 0.774 57.42
9.296 8.229 1.89 1.579 63.249
1.917 3.244 2.582 2.358 57.102
11.497 8.489 0.774 0.786 64.306
8.531 4.876 0.975 1.079 62.729
7.578 0.455 0.947 1.007 60.923
10.479 1.202 0.683 0.647 63.721
7.419 0.11 0.996 0.851 55.238
0.76 5.722 0.495 0.474 60.133
12.696 8.742 1.018 0.845 61.98
1.316 3.792 0.79 0.869 60.944
7.68 7.844 0.897 0.975 60.891
6.564 6.528 1.816 1.801 56.35
5.636 2.625 1.584 1.596 55.989
5.705 0.851 1.412 1.469 64.677
11.601 8.37 0.746 0.761 62.999
4.074 5.13 0.481 0.456 59.63
1.804 0.426 2.436 2.725 56.737
